oneplus_cameraParams.K

ans =

   1.0e+03 *

    3.6090         0    2.3160
         0    3.5870    1.7493
         0         0    0.0010

oneplus_cameraParams.RadialDistortion

ans =

    0.0224   -0.3622


oneplus_cameraParams.TangentialDistortion

ans =

     0     0